1	51,48,80,39,17,91,73,14,50,95
2	67,20,98,8,30,51,88,40,47,19
3	75,93,9,77,53,93,70,63,67,32
4	32,82,60,87,97,74,72,67,20,15
5	49,16,6,43,12,61,100,73,52,44
6	75,94,51,79,80,15,94,31,41,98
7	52,24,14,5,55,80,50,31,69,67
8	98,69,59,96,32,46,94,43,78,81
9	63,14,37,59,48,31,38,49,65,81
10	59,81,66,97,77,95,59,82,70,10
11	64,81,30,83,34,96,11,70,68,60
12	10,98,69,8,41,44,10,34,100,83
13	83,19,39,47,61,95,53,52,20,97
14	47,71,77,51,31,27,49,41,51,20
15	8,25,29,24,54,67,45,34,40,46
16	26,75,46,50,11,79,10,42,77,45
17	58,14,19,66,57,22,92,41,98,53
18	68,10,39,85,15,69,71,9,68,18
19	88,30,34,97,22,47,83,74,13,20
20	92,44,18,37,47,27,58,41,74,50
21	96,17,29,62,40,20,90,72,46,70
22	31,32,73,58,78,81,81,55,92,59
23	41,6,12,72,87,89,59,49,89,78
24	80,96,35,77,76,49,81,79,30,74
25	30,49,61,96,46,47,15,9,33,72
26	3,36,70,69,44,22,57,48,40,52
27	5,15,36,28,78,69,30,41,77,88
28	66,93,53,52,69,34,65,81,50,31
29	56,27,66,45,60,73,9,64,45,38
30	10,33,46,57,21,7,8,13,18,55
31	56,89,50,28,92,11,81,54,84,56
32	48,60,66,21,85,8,87,78,13,12
33	49,80,78,7,6,18,60,15,99,52
34	55,73,52,57,13,53,84,19,44,57
35	25,73,59,32,19,77,27,65,67,97
36	23,63,47,37,61,51,22,50,26,45
37	94,6,85,89,40,67,42,41,37,40
38	81,30,99,9,12,62,74,71,24,47
39	31,72,36,57,49,57,82,33,93,71
40	20,49,4,78,96,37,45,14,92,31
41	60,8,34,68,90,38,70,19,15,47
42	44,96,8,6,54,39,21,55,16,25
43	81,99,94,35,63,96,16,86,70,100
44	6,8,46,100,56,67,57,17,61,64
45	71,94,58,76,10,18,61,87,70,27
46	94,26,10,56,15,58,22,94,74,53
47	92,52,39,46,56,85,44,42,41,45
48	46,75,90,74,79,20,57,55,11,64
49	39,46,98,33,35,51,35,60,74,94
50	97,14,71,34,27,10,91,71,90,75
51	69,86,89,31,81,85,48,96,80,68
52	50,66,75,39,82,39,79,98,37,27
53	40,29,88,59,46,83,98,45,18,62
54	74,65,60,56,29,6,57,46,27,27
55	81,48,80,59,44,28,14,90,16,79
56	17,7,32,11,91,17,49,50,56,93
57	59,54,76,52,44,81,67,77,92,24
58	8,63,11,98,48,96,84,38,17,17
59	70,57,81,60,21,64,26,89,65,81
60	20,98,48,32,57,82,72,80,93,80
61	42,18,5,29,67,31,34,21,92,31
62	12,69,26,78,12,10,50,85,57,72
63	67,9,8,8,44,95,54,19,33,99
64	11,61,44,39,86,9,82,41,81,34
65	74,42,45,86,75,94,76,52,26,71
66	87,7,70,25,60,98,47,75,35,20
67	19,50,71,94,48,92,74,58,67,75
68	21,25,25,21,26,54,40,67,53,84
69	2,17,58,66,94,49,34,95,57,61
70	74,30,90,99,43,73,71,67,25,20
71	63,23,91,80,41,30,29,15,86,43
72	60,44,82,26,22,44,32,73,37,66
73	47,95,37,32,46,94,38,84,76,19
74	30,19,10,47,68,61,56,11,77,63
75	7,73,34,61,7,92,20,10,23,62
76	70,5,83,62,85,66,23,28,29,64
77	12,15,47,11,78,20,36,99,55,94
78	94,7,8,45,62,53,35,76,23,73
79	23,7,73,37,66,7,43,48,97,52
80	97,32,94,92,89,28,83,81,58,48
81	12,57,96,83,66,98,65,23,76,19
82	86,55,47,12,19,95,58,50,69,38
83	59,53,74,38,85,90,82,60,48,68
84	19,58,52,76,36,91,71,8,87,39
85	96,77,43,99,41,88,59,36,31,30
86	8,10,70,60,66,80,85,85,100,24
87	52,49,38,24,58,7,24,99,72,30
88	17,37,36,32,83,85,77,72,27,87
89	44,11,45,7,34,34,21,68,66,97
90	98,46,50,100,92,100,88,85,23,31
91	42,63,65,70,85,97,32,74,40,98
92	55,53,36,21,55,42,11,16,20,98
93	78,74,74,61,82,61,42,97,50,71
94	60,31,49,96,79,51,50,20,83,24
95	6,70,4,81,67,34,25,81,59,73
96	40,44,94,40,28,55,88,87,77,90
97	93,82,82,23,89,72,20,52,53,84
98	20,82,54,87,52,98,100,40,40,87
99	74,62,66,35,58,62,8,81,57,72
100	88,12,20,16,39,66,41,17,21,83
101	30,88,67,61,100,32,34,10,86,83
102	49,85,95,14,95,52,36,41,40,68
103	1,53,54,83,55,73,69,15,94,74
104	23,15,100,82,72,46,77,23,99,58
105	88,59,19,83,21,73,77,35,23,86
106	60,20,69,90,85,39,70,15,22,99
107	58,87,27,41,71,54,64,52,9,30
108	65,97,45,9,34,53,93,36,87,15
109	62,57,40,47,56,59,50,38,9,41
110	55,89,37,7,90,26,26,24,88,42
111	90,81,51,22,14,90,85,31,79,17
112	74,28,88,16,14,53,93,62,17,42
113	86,40,32,78,12,47,92,59,65,39
114	73,61,19,76,8,20,29,32,36,41
115	86,39,77,6,19,70,35,80,73,63
116	100,75,31,87,45,75,58,57,87,13
117	85,50,89,33,54,77,93,61,70,34
118	61,15,90,31,96,65,60,58,94,46
119	77,46,35,31,37,90,54,45,39,75
120	98,68,24,33,69,25,73,100,9,59
121	94,56,74,12,75,49,49,86,77,51
122	94,50,3,61,52,46,38,67,53,25
123	74,72,60,76,31,60,55,41,89,26
124	49,29,11,95,86,98,72,89,18,86
125	69,39,52,69,29,48,79,92,84,55
126	17,75,91,76,58,79,23,15,26,21
127	53,41,50,98,93,81,57,29,49,31
128	8,100,58,39,24,56,35,11,70,48
129	66,31,17,59,14,61,24,23,60,16
130	54,48,51,95,14,53,53,64,22,32
131	85,88,22,94,31,58,16,85,42,12
132	57,8,84,53,31,97,52,86,34,99
133	81,73,30,98,86,83,60,21,99,89
134	2,38,47,24,74,83,18,88,50,30
135	46,63,56,76,79,92,9,23,12,58
136	31,45,91,82,65,64,52,53,92,48
137	25,94,9,24,81,45,94,19,51,93
138	49,90,21,61,63,51,93,20,37,26
139	71,82,50,90,33,99,75,81,14,74
140	2,92,72,78,58,57,35,68,90,48
141	4,86,69,51,81,67,52,40,56,22
142	61,9,37,93,34,34,37,50,97,13
143	37,34,74,93,88,96,92,43,12,84
144	54,42,47,48,91,68,16,99,98,95
145	60,70,93,79,92,73,38,66,55,100
146	68,82,4,100,30,42,75,58,58,48
147	1,46,45,91,94,37,84,23,40,50
148	13,95,18,44,6,57,53,20,86,84
149	85,86,92,64,44,79,15,48,63,74
150	22,25,94,93,47,17,26,63,27,79
151	13,8,98,35,98,18,16,57,64,91
152	52,75,27,41,55,75,67,65,14,50
153	44,35,61,88,88,53,36,43,40,77
154	27,16,64,64,100,61,14,81,61,95
155	48,8,39,78,48,81,21,78,46,70
156	24,45,62,13,67,79,23,86,65,56
157	27,48,99,8,41,85,91,93,88,13
158	79,32,44,48,50,94,77,15,18,18
159	47,60,24,51,77,29,37,13,97,14
160	29,70,46,59,42,25,8,82,97,21
161	4,47,80,33,51,60,62,99,71,24
162	50,46,43,65,25,53,87,69,64,17
163	51,10,44,25,45,95,45,57,32,68
164	62,34,64,63,65,70,96,74,75,37
165	61,48,97,63,33,67,65,34,40,56
166	90,83,90,75,92,22,50,32,25,28
167	37,93,72,84,95,56,25,18,63,35
168	43,99,34,19,41,47,59,80,65,96
169	71,95,7,90,40,49,31,88,44,84
170	50,25,42,59,45,95,17,78,45,96
171	94,60,70,31,8,86,96,60,70,92
172	4,78,77,82,27,67,66,48,28,20
173	43,43,91,71,74,13,88,55,15,12
174	25,47,40,27,55,92,74,48,49,77
175	79,98,84,37,86,73,68,11,90,69
176	10,6,53,65,33,39,70,91,42,100
177	66,81,75,79,38,54,22,49,47,29
178	6,10,92,30,67,68,69,83,72,16
179	71,44,50,47,81,62,58,41,39,71
180	28,95,38,96,51,32,32,98,42,51
181	58,34,52,96,55,21,93,63,17,54
182	19,20,19,31,54,78,84,37,12,59
183	30,39,76,43,28,31,8,70,80,61
184	44,90,68,96,41,39,20,33,16,88
185	37,19,99,26,25,58,47,12,63,49
186	69,78,92,45,78,46,84,12,82,67
187	31,38,5,85,31,25,83,95,69,44
188	88,42,50,75,52,24,87,33,100,50
189	7,26,96,11,96,22,89,20,87,82
190	38,97,48,34,53,22,69,50,29,44
191	14,10,43,74,59,46,96,46,36,66
192	88,75,51,96,85,83,42,35,19,47
193	71,61,72,67,54,24,44,93,40,98
194	37,13,10,35,82,65,32,76,53,51
195	23,36,31,97,32,20,48,74,45,65
196	66,58,98,17,47,82,99,85,79,74
197	73,25,38,72,98,68,36,94,95,39
198	58,91,16,82,22,6,62,85,77,68
199	61,69,35,34,75,43,37,31,42,37
200	6,23,68,98,93,89,58,28,22,15
201	24,97,52,4,88,75,44,17,55,72
202	32,18,45,14,60,67,50,82,81,71
203	36,42,76,21,83,89,73,52,64,74
204	58,49,90,41,19,69,79,56,33,12
205	53,67,18,80,18,28,35,44,72,46
206	14,80,15,78,62,15,51,90,19,30
207	39,3,74,10,100,86,28,54,72,28
208	34,53,42,59,24,46,21,98,29,17
209	30,55,59,72,54,71,82,67,11,19
210	71,73,30,67,16,68,89,20,55,24
211	57,70,10,35,87,79,31,81,66,87
212	11,80,20,24,46,83,42,67,16,64
213	16,34,84,33,31,71,70,8,69,99
214	18,57,75,51,41,53,40,97,44,93
215	74,96,14,14,33,62,60,37,36,17
216	71,86,27,26,20,13,14,93,56,91
217	23,48,52,32,80,79,53,60,66,86
218	99,26,17,82,98,12,72,33,64,58
219	86,23,46,95,47,79,80,84,58,97
220	2,40,55,14,31,64,15,27,18,68
221	64,45,84,35,46,95,53,65,58,47
222	34,21,25,36,85,64,94,14,80,47
223	84,22,41,35,7,75,73,25,66,44
224	86,83,37,68,98,79,31,77,45,81
225	28,70,11,32,51,25,47,84,31,27
226	1,46,51,98,86,23,63,48,19,11
227	37,49,60,42,69,93,62,53,44,40
228	72,3,36,45,30,56,100,22,27,99
229	29,8,33,70,84,74,64,43,20,35
230	67,90,14,23,55,77,95,44,10,60
231	4,24,48,85,50,93,71,22,90,89
232	20,100,74,23,21,23,56,73,94,37
233	59,69,60,89,35,9,13,63,81,18
234	99,35,62,61,49,65,96,14,47,61
235	52,94,50,83,97,99,70,90,94,18
236	89,69,71,16,90,8,72,57,12,21
237	65,79,53,53,24,62,42,16,49,38
238	78,97,88,99,13,41,56,87,25,22
239	70,8,24,80,36,27,39,87,37,49
240	30,82,41,53,61,15,74,78,42,60
241	95,96,72,90,19,88,64,39,61,29
242	28,97,5,84,12,21,96,77,70,68
243	53,50,83,8,54,96,50,46,18,86
244	34,39,57,71,18,14,32,76,98,98
245	37,59,78,14,6,40,37,100,79,10
246	41,58,66,15,12,53,12,46,100,75
247	98,13,27,9,38,47,58,88,14,52
248	83,87,44,30,87,49,48,39,85,61
249	6,30,15,30,29,73,43,100,94,46
250	78,52,31,98,78,73,73,67,66,18
251	6,89,38,71,14,55,83,44,21,67
252	82,35,77,4,25,61,27,31,69,35
253	27,63,49,43,36,88,30,13,85,80
254	72,60,8,90,100,61,28,26,95,41
255	74,74,50,6,98,11,88,94,91,54
256	3,68,71,87,78,60,87,15,87,13
257	73,2,68,100,40,99,22,21,83,89
258	41,75,88,55,73,40,73,21,97,73
259	56,48,43,56,15,14,43,38,51,80
260	22,5,74,73,69,78,43,41,47,50
261	97,44,28,53,44,69,58,86,96,13
262	100,2,96,20,34,20,28,65,9,90
263	16,78,61,56,24,39,67,35,73,81
264	42,28,46,39,52,75,10,64,16,85
265	9,23,63,17,100,24,47,22,18,58
266	52,26,98,25,39,78,66,45,52,93
267	88,70,11,15,55,84,16,93,55,25
268	90,94,96,83,68,47,8,64,41,29
269	14,71,93,75,23,49,85,59,87,71
270	78,28,87,80,79,24,87,78,79,27
271	9,44,44,76,72,92,80,83,72,67
272	54,81,44,79,78,31,39,80,17,17
273	84,72,33,94,18,73,63,75,76,63
274	25,42,70,84,12,53,80,38,98,53
275	2,13,30,29,10,85,24,37,94,28
276	64,20,25,58,8,22,31,42,9,14
277	30,34,8,10,40,25,84,63,35,52
278	90,10,43,16,88,44,69,64,72,41
279	34,96,54,56,36,90,91,34,44,30
280	92,100,97,86,89,28,63,100,85,30
281	92,23,57,28,56,48,20,18,76,95
282	59,86,57,84,56,65,97,62,63,11
283	42,14,3,84,33,96,98,66,26,63
284	72,64,7,60,68,33,70,17,45,25
285	44,11,71,32,94,36,76,78,60,42
286	75,86,100,32,75,62,94,72,93,51
287	23,12,80,59,10,88,86,98,62,81
288	23,40,69,95,7,74,69,31,26,89
289	11,10,78,98,98,36,33,89,81,96
290	34,32,36,89,97,60,49,59,70,93
291	75,89,88,50,42,84,96,40,34,26
292	46,17,23,97,6,19,41,91,48,13
293	31,43,76,82,28,91,98,19,79,19
294	72,12,17,41,65,87,18,11,68,45
295	69,43,76,80,59,72,70,87,77,49
296	39,35,86,30,42,68,31,63,56,45
297	21,10,82,66,66,10,40,60,66,57
298	49,26,27,13,72,54,56,64,94,41
299	62,38,53,23,54,87,62,33,57,14
300	62,15,95,92,6,45,17,78,11,76
301	51,29,61,91,17,23,27,83,86,34
302	68,94,75,11,98,96,30,63,27,17
303	38,21,72,84,18,62,63,10,53,73
304	69,55,67,61,69,51,79,82,25,70
305	5,17,3,5,84,97,58,60,86,54
306	7,88,91,96,95,19,60,54,76,57
307	63,9,86,90,67,88,30,17,100,57
308	36,26,72,11,90,96,52,29,15,98
309	33,43,9,88,6,67,20,27,75,78
310	29,45,18,64,59,82,49,90,30,52
311	43,72,53,30,27,70,95,77,32,27
312	40,78,9,22,66,67,81,32,58,40
313	50,18,39,25,80,52,94,70,59,69
314	9,47,44,26,63,13,92,18,43,39
315	1,50,89,64,72,15,30,96,46,59
316	84,53,75,68,57,78,69,8,80,69
317	85,19,44,18,32,37,32,26,62,61
318	95,59,23,80,96,40,8,80,17,27
319	81,10,22,47,85,41,81,17,27,31
320	82,95,55,79,54,15,10,72,79,77
321	74,5,21,88,54,97,14,14,23,72
322	21,42,75,99,60,44,48,21,73,39
323	100,18,66,6,65,52,88,38,45,53
324	24,12,65,58,32,23,100,74,46,68
325	2,63,17,92,49,99,43,86,89,51
326	96,96,16,46,73,91,11,46,89,30
327	23,38,57,96,31,50,55,29,62,78
328	66,60,8,83,77,48,73,29,61,99
329	65,93,14,18,37,36,64,34,56,74
330	47,24,97,76,83,12,87,87,55,23
331	15,95,98,54,68,16,85,41,71,95
332	51,82,7,13,15,23,80,45,69,98
333	62,86,29,60,100,56,75,77,27,53
334	90,27,97,86,55,85,92,84,54,47
335	28,17,83,99,35,29,98,56,94,75
336	72,57,19,39,91,89,29,14,80,75
337	84,65,53,8,23,19,14,60,83,85
338	25,47,89,56,92,59,83,73,69,31
339	72,89,25,38,69,78,43,41,63,72
340	69,97,42,44,52,43,59,43,81,99
341	1,28,17,38,100,14,46,81,69,29
342	49,83,5,15,51,69,23,9,22,75
343	61,74,93,97,76,75,75,20,19,40
344	19,11,60,63,5,83,71,40,53,97
345	26,25,7,24,55,50,24,97,57,49
346	46,53,22,4,13,97,12,23,99,20
347	81,45,24,6,88,78,65,25,42,46
348	48,57,25,23,97,57,99,12,57,50
349	1,48,12,32,24,44,9,21,28,21
350	17,46,3,81,75,99,24,70,95,45
351	38,36,88,24,32,50,27,20,71,17
352	91,86,7,86,62,20,46,66,30,68
353	12,42,61,21,82,92,21,40,33,16
354	25,39,26,83,29,27,52,53,80,69
355	100,69,8,33,29,10,21,70,71,90
356	24,27,77,79,70,42,100,55,85,15
357	95,76,86,29,32,65,58,71,66,33
358	16,71,64,38,61,48,94,58,64,65
359	86,95,72,30,86,69,77,61,47,80
360	32,46,47,44,10,21,51,55,26,49
361	94,58,24,44,18,12,70,28,66,87
362	12,61,91,7,26,11,21,10,61,41
363	49,93,47,26,88,83,82,35,80,55
364	21,12,37,22,53,78,25,27,99,42
365	6,64,81,84,42,44,43,38,90,10
366	75,85,76,46,22,66,10,33,48,30
367	9,67,9,43,59,91,63,62,84,27
368	53,87,8,34,79,91,8,80,18,16
369	39,56,88,7,73,27,55,17,66,95
370	73,92,25,68,69,35,69,10,47,100
371	57,78,55,30,82,44,13,46,53,75
372	27,23,44,8,57,73,93,81,12,25
373	43,42,67,26,15,73,100,77,62,89
374	7,4,75,75,16,60,10,13,65,89
375	71,73,60,8,64,57,56,49,94,17
376	51,9,99,96,81,18,36,15,91,98
377	75,90,15,60,90,62,73,27,94,17
378	71,36,11,60,85,33,31,85,31,65
379	18,42,87,33,87,14,82,67,95,99
380	89,77,3,19,13,98,11,47,45,53
381	19,54,36,73,99,96,67,53,41,52
382	31,35,37,92,45,26,33,45,58,30
383	41,77,42,53,8,60,96,35,55,41
384	96,23,4,38,80,42,8,95,84,50
385	93,71,25,16,23,45,46,15,11,91
386	12,57,27,29,64,60,34,34,31,82
387	65,69,63,12,22,17,58,45,75,66
388	99,40,29,93,44,99,41,54,19,58
389	50,64,11,86,80,29,54,44,62,82
390	33,23,9,5,84,37,48,51,29,89
391	63,12,44,4,73,29,15,89,62,76
392	39,94,88,47,8,94,64,36,78,77
393	94,28,79,65,8,83,99,23,86,25
394	96,47,54,10,99,27,88,54,96,64
395	88,87,82,39,63,77,70,81,76,56
396	33,89,81,85,87,67,44,73,51,71
397	35,45,40,79,96,52,94,24,30,87
398	53,2,64,73,68,90,26,26,22,60
399	12,47,16,20,14,31,91,44,62,53
400	75,8,5,97,47,43,60,28,38,95
401	34,38,97,8,52,74,42,9,46,71
402	22,48,34,46,55,83,75,66,92,96
403	33,27,35,22,44,39,59,81,84,78
404	95,31,63,34,37,37,12,75,60,68
405	23,86,75,58,44,39,100,28,81,54
406	65,21,30,95,60,45,12,79,38,32
407	80,75,12,79,69,65,23,95,44,98
408	33,52,74,41,16,54,64,57,35,95
409	96,54,76,50,69,54,75,42,39,81
410	23,18,3,78,41,67,51,35,71,84
411	50,50,18,100,68,23,98,51,77,22
412	50,25,41,73,59,85,36,69,24,60
413	61,29,97,96,58,14,93,62,11,73
414	33,7,9,16,76,59,100,98,50,21
415	97,10,75,13,89,90,51,51,80,18
416	10,63,35,98,56,46,15,31,17,100
417	21,53,66,43,47,48,31,34,20,49
418	3,82,88,4,44,34,84,91,57,59
419	19,55,27,41,59,82,98,87,73,87
420	13,84,87,75,10,8,41,90,9,45
421	16,91,45,94,91,39,92,12,26,31
422	51,54,42,20,78,12,34,89,81,85
423	64,19,91,16,42,23,98,100,26,62
424	13,59,25,75,17,69,41,98,81,64
425	95,53,69,34,99,66,56,29,21,17
426	58,86,62,61,69,11,70,80,62,87
427	44,91,15,41,66,29,42,84,56,39
428	8,15,86,96,89,67,52,68,13,66
429	100,24,87,56,36,100,22,53,71,72
430	63,10,18,89,90,73,92,45,63,86
431	46,52,62,74,22,96,93,13,29,58
432	31,93,92,95,28,87,97,58,75,13
433	73,5,32,95,42,99,60,16,91,91
434	1,40,58,67,19,98,11,39,95,80
435	88,67,41,50,74,14,56,16,98,94
436	38,20,29,25,90,24,79,10,32,92
437	26,26,30,38,75,16,41,33,71,90
438	10,55,27,98,84,61,60,68,25,17
439	23,5,94,39,36,89,96,69,31,77
440	88,48,41,17,71,71,81,33,45,47
441	55,57,38,25,84,39,61,34,56,77
442	17,98,31,96,49,90,56,59,53,25
443	44,89,57,36,36,46,9,52,89,46
444	67,74,77,66,20,35,25,30,99,82
445	81,73,43,18,85,86,55,13,91,78
446	30,82,53,94,12,97,13,48,12,38
447	75,81,35,27,88,22,56,29,80,25
448	27,75,50,32,46,20,50,19,46,74
449	25,96,30,50,32,40,31,23,72,86
450	99,21,62,72,15,86,94,91,18,98
451	42,30,21,12,37,78,68,79,66,50
452	86,43,76,8,37,61,50,74,14,18
453	1,75,64,78,100,64,50,67,9,57
454	5,75,55,30,59,41,88,90,66,39
455	29,66,12,46,61,83,96,27,91,83
456	51,31,40,98,55,72,71,98,85,27
457	73,32,86,22,21,81,65,58,76,31
458	75,66,21,11,30,82,36,84,13,88
459	72,58,74,42,82,90,98,66,10,37
460	16,80,98,25,18,33,98,90,42,99
461	65,82,74,17,57,32,15,71,92,84
462	51,44,24,92,58,17,99,32,31,27
463	60,52,3,58,35,49,17,16,65,21
464	64,83,51,41,93,63,71,25,64,15
465	43,11,75,32,46,24,39,50,50,61
466	52,33,64,80,53,34,86,77,67,45
467	75,90,3,24,43,83,88,50,46,18
468	50,56,4,16,59,13,26,54,53,33
469	78,23,43,29,54,48,19,38,12,36
470	21,59,60,79,66,64,55,75,25,66
471	63,3,27,53,37,57,39,18,82,66
472	73,62,56,25,34,25,98,89,68,14
473	57,87,58,67,99,91,12,73,56,70
474	11,17,52,67,5,18,69,92,78,97
475	47,90,34,84,23,53,99,26,16,83
476	98,43,40,20,46,32,66,89,29,31
477	53,86,13,66,35,12,71,23,18,53
478	75,58,18,23,88,32,31,43,26,20
479	53,69,89,81,50,90,35,47,15,91
480	24,38,65,38,95,36,54,93,20,18
481	15,57,55,73,36,22,8,9,94,89
482	86,36,41,49,40,31,91,25,34,87
483	82,29,29,99,48,35,79,39,44,95
484	70,16,18,47,41,23,61,45,64,96
485	5,62,21,90,87,49,60,60,57,10
486	7,86,75,99,13,68,92,20,71,10
487	77,43,17,30,62,29,64,48,21,34
488	15,90,17,19,100,8,51,72,22,96
489	12,92,67,83,52,85,64,90,26,74
490	79,64,80,86,9,52,86,14,23,37
491	97,24,85,5,99,92,32,30,55,59
492	32,98,87,14,95,86,97,95,91,71
493	41,7,70,16,53,91,41,67,82,36
494	74,67,87,72,62,23,9,46,44,96
495	44,83,54,52,76,42,8,69,35,42
496	88,81,64,90,48,65,40,48,22,62
497	32,96,85,4,100,62,14,13,62,80
498	15,82,41,4,43,42,80,42,37,58
499	74,89,22,21,92,48,79,98,31,31
500	94,86,26,74,83,28,100,16,71,71
501	88,88,91,54,53,10,87,38,40,73
502	38,24,70,55,27,11,84,14,34,71
503	6,75,6,96,61,92,97,37,82,87
504	67,96,79,10,61,33,99,63,43,22
505	58,84,27,49,39,9,73,10,62,82
506	25,81,71,29,49,66,70,49,53,42
507	100,10,83,15,10,91,81,74,62,93
508	26,86,34,24,94,89,93,57,90,76
509	9,21,93,42,38,25,32,57,30,23
510	15,75,6,64,25,33,72,50,88,21
511	6,50,99,64,15,38,93,43,74,37
512	54,47,15,15,39,26,87,85,69,96
513	40,54,78,45,72,24,31,9,48,52
514	23,74,18,83,71,7,34,67,50,66
515	68,75,80,55,14,88,82,13,85,64
516	83,90,37,60,51,89,14,79,78,72
517	26,87,50,90,80,55,61,58,83,75
518	69,94,42,63,29,14,70,56,91,88
519	46,67,69,31,41,64,40,97,21,48
520	64,61,45,44,67,20,86,10,66,35
521	6,64,45,62,86,38,52,56,28,32
522	40,83,18,25,31,32,13,87,40,28
523	28,88,88,19,66,92,87,89,63,56
524	61,56,85,56,48,18,55,71,29,82
525	9,39,42,41,55,51,60,49,56,70
526	21,60,97,16,81,73,100,56,79,13
527	71,59,32,28,39,46,98,98,41,41
528	49,60,93,74,46,90,66,100,25,64
529	56,88,68,99,49,50,47,44,72,35
530	70,81,79,57,42,26,73,27,45,18
531	58,62,76,72,60,86,52,67,95,36
532	90,13,77,91,67,72,37,77,90,83
533	21,14,79,64,38,31,89,71,80,72
534	78,93,99,44,97,33,43,54,36,94
535	75,97,48,96,20,36,33,63,93,21
536	3,52,57,63,51,91,57,42,85,23
537	76,29,19,43,49,41,63,58,40,47
538	90,67,83,87,34,15,77,79,66,64
539	54,20,59,22,53,38,76,35,100,85
540	23,73,41,18,17,35,39,53,51,62
541	86,79,14,87,99,93,10,60,69,17
542	98,7,42,29,58,48,26,81,95,45
543	89,50,40,49,74,61,84,90,83,40
544	97,18,3,20,37,63,60,12,35,26
545	15,59,29,38,64,28,63,71,31,39
546	87,98,45,9,96,80,20,59,81,18
547	39,23,51,65,30,59,41,9,53,55
548	82,22,97,33,82,79,44,85,31,70
549	83,88,92,58,38,56,24,59,96,37
550	48,58,13,56,84,7,45,50,42,97
551	71,92,65,99,65,94,98,58,66,30
552	5,41,27,70,22,90,72,12,32,79
553	35,88,36,69,96,32,88,49,51,62
554	1,49,57,94,42,17,33,8,44,31
555	75,34,61,39,82,93,25,69,87,69
556	80,2,29,86,29,96,66,79,94,17
557	16,54,24,81,39,56,16,13,80,20
558	1,35,29,43,28,42,86,71,39,59
559	62,7,99,93,71,51,78,64,62,75
560	98,13,99,48,89,22,12,71,64,92
561	14,47,33,19,98,69,76,64,54,63
562	2,8,65,37,14,50,16,16,80,59
563	71,65,73,29,73,82,47,42,80,79
564	27,64,23,37,70,70,58,41,62,82
565	60,93,85,88,11,53,29,43,19,56
566	81,9,88,15,29,94,55,53,15,93
567	93,23,77,15,78,86,38,76,65,35
568	75,99,61,53,65,89,89,72,17,44
569	2,46,83,56,84,23,33,84,78,95
570	70,36,72,81,96,23,15,75,37,21
571	37,30,53,39,58,68,93,58,41,28
572	28,67,25,89,66,43,22,41,72,13
573	19,49,8,59,46,52,7,99,39,16
574	18,52,24,78,19,46,59,52,53,46
575	89,39,71,74,9,11,95,42,9,39
576	84,77,31,12,72,90,15,98,63,52
577	33,96,14,99,99,80,42,29,20,86
578	27,54,100,15,53,99,37,55,30,23
579	16,88,68,89,15,35,89,22,25,94
580	70,75,14,61,68,40,96,54,39,33
581	38,68,18,58,63,27,9,46,97,11
582	79,55,84,50,76,42,67,49,52,56
583	66,69,98,25,70,40,65,9,56,76
584	35,7,39,96,32,92,65,56,14,25
585	67,95,48,94,19,54,44,38,93,22
586	9,27,79,10,37,58,27,55,31,62
587	11,31,83,37,86,23,13,51,60,16
588	58,41,28,26,9,51,49,23,40,53
589	67,71,23,95,100,68,78,63,84,34
590	73,16,94,21,14,98,25,53,16,65
591	69,20,100,57,18,22,88,47,69,89
592	17,86,47,82,92,49,72,32,85,99
593	21,14,8,31,36,90,44,83,85,19
594	3,27,4,100,48,66,45,44,38,66
595	36,24,71,55,44,62,21,55,68,94
596	14,65,85,90,18,83,89,10,69,55
597	41,70,25,9,77,16,55,89,17,87
598	94,74,88,79,13,29,81,71,10,28
599	60,62,33,70,44,16,84,19,95,18
600	11,75,19,35,97,44,94,38,55,52
601	84,29,84,46,47,14,89,73,18,39
602	35,33,5,76,89,9,20,96,67,27
603	63,33,12,17,7,54,14,42,99,21
604	18,11,9,76,16,54,41,41,13,77
605	44,28,87,14,52,29,50,66,100,84
606	89,22,52,77,17,96,38,80,86,57
607	3,49,60,93,49,75,57,89,45,63
608	36,81,59,31,88,83,61,66,57,18
609	60,13,88,66,5,69,77,31,89,93
610	97,3,69,11,41,23,70,32,59,95
611	82,52,67,23,17,88,26,56,96,60
612	20,80,99,90,97,97,81,54,69,53
613	73,19,3,34,86,56,46,20,42,27
614	73,30,70,82,71,72,31,66,60,22
615	53,93,8,78,42,12,9,26,45,58
616	51,72,19,71,90,83,51,30,50,50
617	20,36,15,33,87,70,31,24,29,97
618	16,60,59,72,79,66,66,29,83,87
619	23,2,90,86,18,61,51,88,22,89
620	93,56,46,31,74,29,44,24,100,67
621	58,63,46,62,98,16,7,98,37,10
622	100,85,36,58,95,26,62,100,90,72
623	30,80,72,92,74,57,64,27,73,26
624	29,96,57,24,100,28,72,46,63,10
625	89,39,65,68,16,14,21,69,81,64
626	25,75,36,96,45,93,80,59,87,86
627	30,26,57,14,92,90,17,20,77,98
628	56,81,69,46,6,14,88,21,54,67
629	16,59,18,82,32,99,79,68,76,19
630	6,35,38,36,15,49,95,38,42,82
631	38,73,27,62,16,9,51,24,50,98
632	36,36,71,35,59,95,52,40,11,62
633	42,8,50,76,50,89,40,89,33,19
634	26,11,91,81,5,13,17,10,82,48
635	47,82,92,10,13,90,98,93,26,27
636	31,92,27,29,17,97,87,72,69,60
637	9,17,28,67,15,21,96,25,25,10
638	51,33,40,47,92,94,78,33,47,44
639	7,70,99,47,72,26,68,91,82,58
640	15,39,83,84,8,12,52,82,31,26
641	6,31,80,50,30,61,13,95,99,11
642	9,79,38,55,47,55,67,93,97,46
643	98,92,50,64,27,90,79,41,33,21
644	74,54,24,96,26,29,28,13,47,28
645	87,95,83,32,8,78,68,91,77,73
646	59,6,74,86,64,62,65,38,18,100
647	17,80,72,58,48,20,22,80,61,18
648	9,17,90,80,57,88,62,88,34,71
649	30,84,78,62,17,81,90,64,98,51
650	78,26,90,22,50,42,29,87,54,80
651	65,96,7,93,11,66,73,48,14,96
652	39,67,45,38,83,57,75,36,43,21
653	37,64,96,24,87,32,56,29,84,30
654	78,37,10,25,80,25,14,17,31,41
655	52,32,86,4,51,82,78,36,26,11
656	32,84,77,17,73,32,65,37,11,12
657	31,19,27,15,7,36,61,45,86,79
658	85,43,89,74,25,24,89,67,24,47
659	4,78,83,69,32,96,88,37,70,48
660	42,93,24,55,35,16,88,67,72,92
661	6,26,78,6,70,38,38,41,46,80
662	64,49,5,27,95,80,36,89,43,88
663	7,27,57,83,37,60,60,23,31,13
664	57,27,97,76,17,79,63,78,9,39
665	35,79,37,7,86,35,46,60,39,86
666	45,7,65,18,24,50,88,85,10,46
667	1,17,99,76,20,37,95,87,27,56
668	26,97,65,85,62,96,37,62,41,67
669	11,80,55,78,9,19,57,49,30,55
670	78,80,7,56,20,24,57,88,49,79
671	42,36,6,65,62,19,43,33,92,90
672	78,57,73,7,82,30,16,75,29,97
673	38,48,85,9,70,70,92,50,34,19
674	57,59,72,55,39,87,23,18,71,96
675	42,21,33,89,15,92,37,87,20,35
676	50,61,51,33,33,66,74,55,31,78
677	4,25,96,46,69,98,90,87,25,73
678	30,65,10,90,18,86,26,99,86,99
679	32,37,8,32,32,64,45,52,74,88
680	64,9,57,92,23,100,88,80,52,77
681	95,92,77,30,30,14,35,11,61,71
682	99,44,61,79,62,62,78,73,98,26
683	96,63,21,20,99,76,57,66,40,90
684	8,5,79,79,36,7,19,39,10,68
685	86,75,70,90,26,73,12,90,83,16
686	97,44,56,8,56,79,68,62,93,30
687	47,14,12,44,66,35,97,49,57,55
688	42,61,55,78,14,60,64,9,46,60
689	53,72,37,57,43,32,38,68,55,92
690	61,46,92,47,86,60,89,56,77,85
691	31,42,18,82,41,70,25,85,52,45
692	86,45,10,70,24,58,93,60,22,67
693	17,66,38,44,7,32,88,95,72,36
694	78,22,72,63,86,63,33,38,34,57
695	92,35,42,35,98,77,79,36,21,20
696	85,21,50,60,96,84,79,57,74,41
697	39,74,33,14,11,9,59,75,46,69
698	97,2,63,50,21,7,14,83,71,71
699	22,8,64,46,22,93,12,12,60,42
700	85,88,41,84,89,68,81,68,39,39
701	72,61,62,94,35,73,86,78,60,86
702	92,63,53,79,60,80,72,19,20,92
703	67,58,71,88,24,31,31,44,9,63
704	84,27,32,83,9,15,54,13,69,33
705	89,4,24,12,50,72,92,67,66,28
706	32,44,69,34,98,7,60,95,54,95
707	69,100,47,42,31,9,99,17,71,100
708	35,38,69,67,91,68,10,11,70,55
709	67,14,85,16,26,78,26,20,50,69
710	7,96,71,63,100,27,53,67,45,91
711	81,36,12,88,41,83,56,63,92,14
712	63,86,38,40,17,23,100,45,32,17
713	73,79,3,43,41,45,86,88,83,38
714	18,6,5,66,51,46,92,56,64,69
715	100,71,73,89,84,60,18,60,66,33
716	73,52,20,25,99,22,41,87,72,65
717	81,77,75,84,91,50,58,67,66,54
718	100,9,91,11,82,48,50,32,95,26
719	57,92,46,46,16,52,56,99,49,96
720	9,72,15,10,63,91,96,8,75,93
721	33,20,7,48,47,54,47,69,15,94
722	86,34,3,12,91,7,74,98,71,100
723	19,73,20,90,23,24,81,81,78,94
724	16,11,18,28,21,41,47,51,36,29
725	20,43,86,70,19,56,55,59,83,58
726	21,52,12,79,25,18,37,51,29,82
727	6,17,43,58,45,94,46,57,93,98
728	64,68,43,58,34,95,46,80,37,86
729	34,42,14,15,82,69,61,79,67,44
730	97,34,81,15,37,85,89,8,23,100
731	85,69,64,21,84,30,16,91,76,66
732	75,87,78,24,5,10,84,72,66,25
733	42,76,74,89,36,68,56,55,89,85
734	28,33,30,13,23,95,19,55,73,16
735	12,2,55,40,57,24,20,11,34,78
736	69,42,49,4,23,78,60,90,100,91
737	64,90,89,53,18,82,78,47,15,22
738	12,81,55,68,54,60,100,10,95,46
739	36,73,12,89,96,80,52,16,96,23
740	60,25,61,56,25,14,44,98,76,77
741	47,95,42,40,48,79,85,58,88,70
742	84,13,53,46,41,84,43,52,80,92
743	35,81,55,16,12,23,78,22,64,78
744	48,59,43,10,52,26,38,9,80,14
745	44,36,42,65,38,77,77,68,20,16
746	16,74,9,32,38,73,76,32,99,44
747	8,6,30,44,81,30,45,25,45,13
748	96,6,26,45,25,50,31,37,58,41
749	18,99,62,51,50,88,37,67,10,58
750	34,19,86,7,28,78,65,16,28,18
751	48,31,78,41,82,14,14,8,90,73
752	27,41,37,93,75,94,88,96,63,32
753	34,10,45,23,87,57,17,98,74,98
754	13,7,52,33,38,99,46,83,26,45
755	51,38,69,94,98,8,29,61,72,25
756	14,28,13,25,79,20,71,19,89,33
757	7,85,82,100,20,46,74,96,56,43
758	73,89,12,62,25,66,14,85,95,64
759	19,22,51,40,76,40,33,19,53,54
760	66,70,14,59,22,86,61,46,51,24
761	83,15,8,9,93,53,26,36,10,15
762	40,13,36,46,95,11,65,8,60,39
763	16,10,14,84,88,63,30,73,26,22
764	12,22,37,71,72,82,93,36,90,31
765	73,59,44,86,76,24,39,72,10,76
766	77,36,55,60,7,69,20,43,69,16
767	18,86,54,90,41,91,59,57,70,50
768	26,92,89,84,15,50,64,98,10,94
769	72,63,8,33,77,32,52,8,41,58
770	82,89,24,33,72,27,51,91,43,12
771	46,39,14,84,31,69,9,56,80,17
772	82,43,78,97,31,81,68,48,52,39
773	38,28,86,95,54,8,46,78,36,51
774	8,59,42,41,87,41,68,70,68,70
775	55,13,58,43,82,21,32,45,79,24
776	3,56,75,63,44,20,16,52,18,95
777	79,16,14,87,51,48,40,24,22,16
778	92,64,46,58,76,99,27,66,62,46
779	71,85,77,41,43,85,79,57,30,99
780	70,38,6,50,87,94,88,63,61,41
781	73,67,11,87,52,38,8,84,56,96
782	74,20,78,62,8,85,45,49,39,71
783	72,10,61,55,54,87,17,22,18,35
784	4,58,59,64,12,25,82,85,9,34
785	65,34,4,54,57,22,65,51,18,60
786	9,100,16,70,16,32,19,59,76,89
787	65,68,31,39,100,69,46,19,59,49
788	41,7,62,49,48,90,42,57,48,11
789	84,76,23,12,38,13,17,86,12,53
790	85,96,82,58,47,78,23,24,25,83
791	11,24,100,19,63,43,67,62,71,69
792	12,50,4,25,40,11,97,46,25,80
793	82,69,29,56,26,95,8,57,63,93
794	28,98,84,72,37,31,35,15,63,54
795	47,42,49,76,66,66,40,73,82,22
796	86,60,42,76,85,35,22,22,38,51
797	61,92,80,10,9,26,8,73,14,38
798	50,75,90,68,19,66,57,42,76,52
799	20,82,93,61,31,25,66,17,41,48
800	1,22,89,29,75,28,89,29,18,89
801	21,66,63,45,28,42,28,12,33,14
802	2,80,74,64,63,22,39,12,80,14
803	17,63,31,16,49,41,100,41,36,10
804	61,22,52,99,58,10,49,84,9,97
805	90,8,71,41,71,8,33,68,27,16
806	43,84,85,58,92,57,47,89,87,13
807	24,19,71,8,31,75,96,90,98,59
808	18,54,18,81,76,21,57,99,58,15
809	6,30,59,88,34,71,94,13,25,10
810	90,50,77,99,50,45,71,38,65,63
811	54,27,8,27,16,97,14,12,98,65
812	56,49,62,38,49,89,33,83,16,31
813	93,3,63,35,6,11,64,15,93,95
814	4,92,64,31,37,26,98,32,39,70
815	37,47,33,49,41,79,77,68,100,45
816	50,52,70,21,90,88,40,90,50,47
817	1,72,10,76,11,76,62,73,99,34
818	17,23,88,67,42,29,54,60,36,54
819	36,39,5,16,61,47,64,83,65,24
820	31,12,100,44,52,69,10,46,75,73
821	5,15,73,17,57,93,49,82,60,37
822	38,97,50,49,93,96,79,26,33,59
823	27,52,27,47,39,34,67,90,74,55
824	87,35,16,36,80,77,96,33,9,82
825	35,54,24,15,8,88,84,48,39,23
826	64,63,13,98,9,78,100,50,56,85
827	45,73,25,62,67,76,92,95,99,79
828	18,12,93,17,92,95,89,16,40,44
829	38,68,48,99,47,93,58,43,80,64
830	85,93,99,11,16,86,9,12,57,61
831	32,11,47,13,44,15,88,42,18,100
832	39,62,91,84,24,7,93,65,23,67
833	22,72,84,27,48,19,39,26,45,81
834	92,91,41,76,6,24,28,57,74,54
835	96,86,67,45,61,66,72,35,15,80
836	25,6,87,7,25,43,50,70,46,11
837	11,59,66,16,55,49,71,78,37,70
838	60,96,92,10,59,100,43,12,15,30
839	85,13,92,89,97,72,9,44,97,42
840	4,93,85,5,14,18,85,55,52,74
841	66,45,7,75,45,98,34,73,32,89
842	99,15,25,77,48,30,75,12,65,30
843	88,11,94,97,19,6,34,13,63,97
844	87,39,64,93,76,61,15,86,19,34
845	52,50,51,42,15,93,34,39,31,91
846	63,67,77,92,85,51,72,64,31,29
847	49,16,63,54,75,69,65,82,38,92
848	93,30,88,15,6,63,76,12,40,79
849	96,18,77,49,45,87,21,21,66,93
850	9,60,94,20,82,85,27,83,43,62
851	17,13,77,60,14,7,85,16,86,37
852	76,86,42,87,79,59,35,13,92,71
853	3,16,40,54,87,63,95,8,56,20
854	2,67,62,89,57,49,47,27,18,21
855	44,49,55,49,39,97,96,13,83,47
856	34,5,71,80,7,12,80,62,93,18
857	55,15,18,76,80,11,50,20,73,43
858	20,40,50,40,83,91,63,50,64,54
859	5,18,74,22,91,16,25,23,92,49
860	94,78,98,86,89,79,93,40,97,87
861	78,99,77,16,92,17,79,78,65,90
862	51,28,17,93,18,25,72,49,37,16
863	11,37,59,18,5,7,9,20,24,33
864	80,58,36,42,51,74,50,96,48,32
865	50,97,23,58,6,51,76,43,86,40
866	94,4,33,11,26,9,54,94,15,37
867	74,82,30,74,93,9,21,61,76,26
868	61,52,21,81,77,66,72,84,48,11
869	71,38,83,85,57,19,74,45,43,24
870	50,95,38,7,64,75,96,50,73,46
871	42,36,63,68,5,100,86,56,100,13
872	81,19,39,97,82,38,51,24,38,57
873	56,93,58,74,62,18,40,85,50,12
874	57,67,99,64,56,27,90,91,33,72
875	98,8,66,98,78,23,80,39,87,78
876	95,89,95,96,58,49,61,41,54,28
877	47,42,18,70,68,67,94,24,73,42
878	16,48,80,64,91,79,14,14,61,63
879	85,2,57,16,20,84,11,54,67,88
880	75,33,93,99,21,93,14,38,22,55
881	79,10,78,99,48,60,8,95,92,34
882	43,43,28,24,90,69,81,92,9,44
883	13,38,12,52,64,100,66,30,76,65
884	24,89,63,68,67,99,44,49,45,39
885	33,80,63,83,67,16,8,100,59,79
886	20,16,35,99,79,10,43,36,24,19
887	38,72,51,62,38,14,60,67,86,57
888	60,5,64,22,84,69,34,97,57,88
889	8,77,72,30,56,70,25,79,91,33
890	42,31,26,97,84,82,71,69,54,63
891	25,13,13,60,21,60,72,56,89,80
892	21,67,32,54,38,50,9,43,94,90
893	73,36,62,98,97,88,20,77,57,16
894	15,76,88,23,22,58,30,96,24,46
895	58,90,44,28,69,56,64,69,99,13
896	21,44,30,57,34,91,23,61,47,33
897	29,54,32,76,84,22,43,55,73,13
898	45,100,3,35,50,60,76,95,59,97
899	39,75,81,4,48,50,67,28,99,63
900	100,22,74,77,11,50,81,18,20,95
901	68,79,71,94,67,86,90,11,60,71
902	40,29,33,76,86,77,55,20,58,27
903	53,98,96,75,53,95,64,65,88,76
904	96,45,59,60,44,54,84,60,69,40
905	75,48,98,57,19,88,63,36,20,97
906	72,10,98,46,40,86,48,50,83,27
907	48,10,42,65,85,38,88,67,72,21
908	60,64,41,97,37,84,97,30,37,14
909	81,17,82,15,39,22,51,63,78,27
910	40,21,11,34,18,85,41,38,86,74
911	62,34,16,8,25,34,39,97,85,84
912	29,68,88,5,11,38,56,47,11,45
913	91,65,75,13,71,93,44,92,11,82
914	80,62,36,7,29,29,80,31,76,32
915	26,39,13,99,33,99,97,57,54,73
916	57,21,92,81,63,30,35,41,59,84
917	42,50,61,39,93,94,39,51,60,98
918	95,55,68,74,79,42,32,76,61,37
919	52,34,8,90,72,63,98,26,65,52
920	65,65,93,85,63,49,48,80,32,93
921	66,95,5,65,77,67,58,97,67,20
922	51,29,43,69,90,96,10,28,97,11
923	16,69,76,59,62,75,92,13,89,13
924	27,61,88,60,55,87,33,44,81,52
925	18,97,67,12,40,68,21,66,34,40
926	78,62,66,54,54,19,40,50,20,100
927	18,7,23,74,22,83,94,86,32,48
928	40,62,100,43,45,34,69,70,78,90
929	17,31,26,57,72,42,93,11,48,30
930	17,17,59,7,29,68,22,33,26,96
931	91,52,28,15,32,94,38,21,68,52
932	43,63,20,98,69,35,38,80,41,97
933	59,35,29,7,84,45,76,77,14,48
934	17,29,93,44,89,85,66,36,34,16
935	21,36,58,60,63,94,7,99,61,12
936	2,72,90,88,45,50,88,15,73,52
937	83,49,21,36,53,17,40,97,66,51
938	65,33,24,47,63,57,36,61,74,100
939	14,9,44,81,85,68,20,40,42,44
940	76,28,51,73,22,68,78,85,22,33
941	63,70,6,86,23,58,95,85,38,55
942	42,63,90,16,62,34,77,12,76,93
943	42,65,100,87,67,43,16,34,13,48
944	2,90,41,49,41,52,40,29,32,85
945	32,32,20,43,38,14,92,46,93,70
946	26,82,91,30,19,38,66,57,87,32
947	38,8,83,38,8,92,31,55,29,49
948	11,66,14,83,5,43,34,21,36,41
949	90,10,79,27,91,81,81,52,9,86
950	69,69,74,58,59,52,56,67,74,43
951	50,11,18,36,60,72,56,61,79,31
952	48,15,78,10,59,41,97,46,53,10
953	35,75,62,78,5,63,93,83,18,27
954	53,52,20,72,64,36,83,48,27,56
955	21,25,48,99,57,53,70,70,80,61
956	53,89,47,94,71,68,62,26,34,59
957	78,53,77,45,13,36,27,99,78,80
958	45,39,7,35,23,81,70,45,100,58
959	40,74,36,45,92,63,54,19,11,71
960	97,3,14,14,55,76,54,46,68,65
961	44,42,49,50,34,79,40,81,9,77
962	48,23,94,6,29,97,88,44,72,96
963	72,66,47,95,30,79,70,93,12,73
964	81,15,58,8,38,51,54,78,87,75
965	7,22,81,81,41,8,88,18,91,12
966	68,28,89,51,43,59,19,95,72,29
967	74,56,97,54,57,37,60,100,35,56
968	25,37,14,77,64,68,53,88,49,90
969	54,74,97,73,69,52,12,19,49,85
970	46,69,17,68,75,76,95,25,27,12
971	40,67,17,63,41,89,44,11,29,12
972	84,3,72,46,40,95,97,33,35,73
973	52,8,70,54,14,74,64,17,54,52
974	23,35,17,8,10,32,74,41,16,35
975	17,43,86,97,55,71,32,29,86,100
976	7,98,89,33,72,8,27,83,49,19
977	66,69,60,27,21,40,70,70,66,68
978	44,9,28,48,74,41,97,38,56,46
979	61,19,60,86,17,9,51,95,55,81
980	6,48,100,28,20,48,25,55,11,85
981	10,93,44,34,19,55,14,19,50,100
982	98,82,24,16,88,80,27,83,48,36
983	21,14,96,22,31,99,39,27,62,38
984	97,59,21,26,53,28,16,30,22,32
985	33,7,75,36,15,68,19,27,76,73
986	65,86,50,68,93,30,64,80,32,62
987	48,32,31,57,87,67,11,38,29,87
988	72,62,31,83,97,6,29,67,15,85
989	51,92,66,57,44,50,18,29,79,27
990	1,5,4,31,47,38,68,49,82,61
991	92,81,77,36,30,94,96,25,18,42
992	82,74,92,43,10,43,55,86,19,74
993	42,40,56,4,43,26,12,47,27,33
994	78,61,26,81,17,58,52,9,52,98
995	42,37,14,71,82,93,64,49,21,65
996	59,95,33,31,88,55,37,26,69,36
997	82,9,81,97,75,8,86,45,43,67
998	13,82,55,42,95,81,63,85,51,35
999	67,17,20,99,35,53,97,15,92,73
1000	85,9,75,24,95,50,14,79,22,47